 $IN
 LR      =  0.000000000000000E+000,
 LI      = -0.507232265715481     ,
 NU      =  5.000000000000000E-002,
 FAL     =  0.990000000000000     ,
 DLR     =  1.000000000000000E-008,
 DLI     =  1.000000000000000E-008,
 ALPHA   = -0.350459880734378     ,
 NMAX    =          50,
 NMIN    =           3,
 AMAX    =  1.000000000000000E+040,
 EPS     =  9.999999999999999E-021,
 FTOL    =  1.000000000000000E-005,
 ITMAX   =       10000,
 IALMAX  =       10000,
 IW      =           1
 $END
 wr =   0.000000000000000E+000
 wi =  -0.507232265715481     
 alpha                    wr                       wi                       nmax          nmin          funk           
 -0.3504598807343782E+00   0.1179093437422890E-16  -0.5072322657154764E+00           200             8  -0.36045431E+02
 -0.3504246601092578E+00   0.4124670730314738E-15  -0.5072749197559495E+00           200             8  -0.36926707E+02
 -0.3469204135081652E+00  -0.2610424511599551E-15  -0.5115354282561351E+00           200             8  -0.36015485E+02
 -0.3434512093730835E+00  -0.4850127541975392E-15  -0.5157862710316137E+00           200             8  -0.35953653E+02
